function coeff = load_extinction_coeff
%This loads extinction spectra from 650- 911 nm
% Wavelength, HHb (microMol per mm), HbO2 (microMol per mm), WF absorption
% coeff per mm 

coeff = [650	0.000374300000000000	5.06000000000000e-05	0.000320059327926172
651	0.000371000000000000	4.97000000000000e-05	0.000322361913019166
652	0.000367700000000000	4.88000000000000e-05	0.000333874838484137
653	0.000364400000000000	4.79000000000000e-05	0.000331572253391143
654	0.000361950000000000	4.74000000000000e-05	0.000338480008670125
655	0.000359500000000000	4.69000000000000e-05	0.000324664498112161
656	0.000357050000000000	4.64000000000000e-05	0.000331572253391143
657	0.000354600000000000	4.59000000000000e-05	0.000326967083205155
658	0.000351133333333333	4.54333333333333e-05	0.000366111029786053
659	0.000347666666666667	4.49666666666667e-05	0.000352295519228089
660	0.000344200000000000	4.45000000000000e-05	0.000382229125437012
661	0.000340333333333333	4.41666666666667e-05	0.000382229125437012
662	0.000336466666666667	4.38333333333333e-05	0.000375321370158030
663	0.000332600000000000	4.35000000000000e-05	0.000377623955251024
664	0.000329275000000000	4.33750000000000e-05	0.000366111029786053
665	0.000325950000000000	4.32500000000000e-05	0.000377623955251024
666	0.000322625000000000	4.31250000000000e-05	0.000377623955251024
667	0.000319300000000000	4.30000000000000e-05	0.000377623955251024
668	0.000314300000000000	4.29000000000000e-05	0.000370716199972041
669	0.000309300000000000	4.28000000000000e-05	0.000384531710530006
670	0.000304300000000000	4.27000000000000e-05	0.000382229125437012
671	0.000300200000000000	4.26750000000000e-05	0.000373018785065035
672	0.000296100000000000	4.26500000000000e-05	0.000386834295623000
673	0.000292000000000000	4.26250000000000e-05	0.000393742050901982
674	0.000287900000000000	4.26000000000000e-05	0.000409860146552940
675	0.000282366666666667	4.25666666666667e-05	0.000382229125437012
676	0.000276833333333333	4.25333333333333e-05	0.000382229125437012
677	0.000271300000000000	4.25000000000000e-05	0.000393742050901982
678	0.000267225000000000	4.24500000000000e-05	0.000396044635994976
679	0.000263150000000000	4.24000000000000e-05	0.000396044635994976
680	0.000259075000000000	4.23500000000000e-05	0.000407557561459946
681	0.000255000000000000	4.23000000000000e-05	0.000421373072017910
682	0.000249733333333333	4.22000000000000e-05	0.000437491167668869
683	0.000244466666666667	4.21000000000000e-05	0.000421373072017910
684	0.000239200000000000	4.20000000000000e-05	0.000416767901831922
685	0.000234233333333333	4.19000000000000e-05	0.000432885997482881
686	0.000229266666666667	4.18000000000000e-05	0.000444398922947851
687	0.000224300000000000	4.17000000000000e-05	0.000460517018598809
688	0.000220925000000000	4.16500000000000e-05	0.000469727358970785
689	0.000217550000000000	4.16000000000000e-05	0.000488148039714738
690	0.000214175000000000	4.15500000000000e-05	0.000472029944063779
691	0.000210800000000000	4.15000000000000e-05	0.000506568720458690
692	0.000206866666666667	4.15000000000000e-05	0.000518081645923660
693	0.000202933333333333	4.15000000000000e-05	0.000515779060830666
694	0.000199000000000000	4.15000000000000e-05	0.000524989401202643
695	0.000196425000000000	4.15250000000000e-05	0.000548015252132583
696	0.000193850000000000	4.15500000000000e-05	0.000580251443434500
697	0.000191275000000000	4.15750000000000e-05	0.000591764368899470
698	0.000188700000000000	4.16000000000000e-05	0.000598672124178452
699	0.000185733333333333	4.17666666666667e-05	0.000640118655852345
700	0.000182766666666667	4.19333333333333e-05	0.000656236751503303
701	0.000179800000000000	4.21000000000000e-05	0.000644723826038333
702	0.000177850000000000	4.22500000000000e-05	0.000651631581317315
703	0.000175900000000000	4.24000000000000e-05	0.000681565187526238
704	0.000173950000000000	4.25500000000000e-05	0.000693078112991208
705	0.000172000000000000	4.27000000000000e-05	0.000702288453363184
706	0.000169566666666667	4.29666666666667e-05	0.000725314304293125
707	0.000167133333333333	4.32333333333333e-05	0.000778273761431988
708	0.000164700000000000	4.35000000000000e-05	0.000792089271989952
709	0.000162433333333333	4.38000000000000e-05	0.000798997027268934
710	0.000160166666666667	4.41000000000000e-05	0.000840443558942827
711	0.000157900000000000	4.44000000000000e-05	0.000893403016081690
712	0.000156250000000000	4.46500000000000e-05	0.000909521111732648
713	0.000154600000000000	4.49000000000000e-05	0.000955572813592529
714	0.000152950000000000	4.51500000000000e-05	0.00100162451545241
715	0.000151300000000000	4.54000000000000e-05	0.00105228138749828
716	0.000149200000000000	4.58000000000000e-05	0.00109372791917217
717	0.000147100000000000	4.62000000000000e-05	0.00113747703593906
718	0.000145000000000000	4.66000000000000e-05	0.00120194941854289
719	0.000143066666666667	4.70000000000000e-05	0.00127102697133271
720	0.000141133333333333	4.74000000000000e-05	0.00129175023716966
721	0.000139200000000000	4.78000000000000e-05	0.00136313037505248
722	0.000137975000000000	4.81000000000000e-05	0.00143220792784230
723	0.000136750000000000	4.84000000000000e-05	0.00149898289553912
724	0.000135525000000000	4.87000000000000e-05	0.00153352167193403
725	0.000134300000000000	4.90000000000000e-05	0.00162792766074679
726	0.000133100000000000	4.94333333333333e-05	0.00170161038372260
727	0.000131900000000000	4.98666666666667e-05	0.00180062154272134
728	0.000130700000000000	5.03000000000000e-05	0.00188811977625512
729	0.000130175000000000	5.06500000000000e-05	0.00198252576506787
730	0.000129650000000000	5.10000000000000e-05	0.00209765501971758
731	0.000129125000000000	5.13500000000000e-05	0.00223120495511123
732	0.000128600000000000	5.17000000000000e-05	0.00236014972031890
733	0.000128600000000000	5.22000000000000e-05	0.00250290999608453
734	0.000128600000000000	5.27000000000000e-05	0.00261803925073423
735	0.000128600000000000	5.32000000000000e-05	0.00272165557991896
736	0.000129300000000000	5.36666666666667e-05	0.00280915381345274
737	0.000130000000000000	5.41333333333333e-05	0.00287823136624256
738	0.000130700000000000	5.46000000000000e-05	0.00293349340847441
739	0.000131750000000000	5.49750000000000e-05	0.00297033476996232
740	0.000132800000000000	5.53500000000000e-05	0.00302559681219418
741	0.000133850000000000	5.57250000000000e-05	0.00301638647182220
742	0.000134900000000000	5.61000000000000e-05	0.00302789939728717
743	0.000137000000000000	5.66000000000000e-05	0.00303941232275214
744	0.000139100000000000	5.71000000000000e-05	0.00305092524821711
745	0.000141200000000000	5.76000000000000e-05	0.00302099164200819
746	0.000143800000000000	5.81333333333333e-05	0.00301868905691519
747	0.000146400000000000	5.86666666666667e-05	0.00301178130163621
748	0.000149000000000000	5.92000000000000e-05	0.00300257096126424
749	0.000151100000000000	5.96000000000000e-05	0.00302099164200819
750	0.000153200000000000	6.00000000000000e-05	0.00298415028052028
751	0.000155300000000000	6.04000000000000e-05	0.00300717613145022
752	0.000157400000000000	6.08000000000000e-05	0.00300717613145022
753	0.000159733333333333	6.13333333333333e-05	0.00300947871654322
754	0.000162066666666667	6.18666666666667e-05	0.00300257096126424
755	0.000164400000000000	6.24000000000000e-05	0.00298645286561328
756	0.000165533333333333	6.29666666666667e-05	0.00296572959977633
757	0.000166666666666667	6.35333333333333e-05	0.00298415028052028
758	0.000167800000000000	6.41000000000000e-05	0.00296803218486933
759	0.000167350000000000	6.45250000000000e-05	0.00294270374884639
760	0.000166900000000000	6.49500000000000e-05	0.00293579599356741
761	0.000166450000000000	6.53750000000000e-05	0.00294040116375340
762	0.000166000000000000	6.58000000000000e-05	0.00290355980226549
763	0.000163666666666667	6.63666666666667e-05	0.00288283653642855
764	0.000161333333333333	6.69333333333333e-05	0.00288053395133555
765	0.000159000000000000	6.75000000000000e-05	0.00286671844077759
766	0.000155500000000000	6.80666666666667e-05	0.00287592878114956
